   1 M E   0.400  0.171  0.429
   2 T E   0.325  0.177  0.498
   3 F E   0.275  0.191  0.533
   4 I E   0.297  0.197  0.506
   5 T E   0.428  0.140  0.432
   6 K C   0.525  0.144  0.331
   7 T C   0.624  0.159  0.218
   8 P C   0.683  0.212  0.105
   9 P C   0.574  0.345  0.081
  10 A H   0.369  0.543  0.089
  11 A H   0.179  0.671  0.150
  12 V H   0.128  0.663  0.209
  13 L H   0.109  0.630  0.261
  14 L H   0.126  0.616  0.258
  15 K H   0.130  0.650  0.220
  16 K H   0.166  0.631  0.203
  17 A H   0.169  0.645  0.186
  18 A H   0.318  0.475  0.207
  19 G C   0.398  0.352  0.250
  20 I C   0.375  0.322  0.303
  21 E C   0.442  0.254  0.304
  22 S C   0.566  0.208  0.226
  23 G C   0.611  0.173  0.217
  24 S C   0.686  0.161  0.153
  25 G C   0.663  0.147  0.190
  26 E C   0.662  0.164  0.174
  27 P C   0.598  0.156  0.246
  28 N C   0.537  0.200  0.263
  29 R C   0.426  0.292  0.282
  30 N C   0.406  0.258  0.336
  31 K E   0.321  0.274  0.405
  32 V E   0.286  0.270  0.445
  33 A E   0.331  0.250  0.418
  34 T E   0.280  0.290  0.430
  35 I H   0.204  0.437  0.359
  36 K H   0.274  0.464  0.262
  37 R H   0.216  0.608  0.176
  38 D H   0.227  0.622  0.151
  39 K H   0.192  0.615  0.193
  40 V H   0.174  0.627  0.199
  41 R H   0.168  0.594  0.238
  42 E H   0.152  0.604  0.245
  43 I H   0.137  0.634  0.229
  44 A H   0.178  0.593  0.229
  45 E H   0.181  0.607  0.212
  46 L H   0.343  0.459  0.198
  47 K C   0.397  0.372  0.231
  48 M C   0.491  0.361  0.149
  49 P C   0.444  0.423  0.133
  50 D C   0.481  0.406  0.113
  51 L H   0.400  0.485  0.114
  52 N C   0.472  0.396  0.132
  53 A H   0.362  0.491  0.147
  54 A H   0.341  0.524  0.135
  55 S H   0.356  0.495  0.150
  56 I H   0.217  0.668  0.115
  57 E H   0.205  0.678  0.117
  58 A H   0.176  0.715  0.109
  59 A H   0.189  0.685  0.126
  60 M H   0.178  0.654  0.168
  61 R H   0.148  0.606  0.246
  62 M H   0.182  0.533  0.285
  63 I H   0.197  0.551  0.251
  64 E H   0.261  0.544  0.196
  65 G H   0.391  0.445  0.164
  66 T H   0.382  0.443  0.175
  67 A C   0.420  0.375  0.204
  68 R C   0.395  0.370  0.235
  69 S C   0.440  0.255  0.305
  70 M C   0.481  0.228  0.292
  71 G C   0.461  0.168  0.371
  72 I E   0.328  0.165  0.508
  73 V E   0.219  0.205  0.576
  74 V E   0.221  0.246  0.533
  75 E E   0.258  0.293  0.449
  76 D C   0.405  0.290  0.306
