# PSIPRED VFORMAT (PSIPRED V3.3)

   1 M C   0.374  0.274  0.352
   2 V C   0.419  0.218  0.363
   3 T C   0.488  0.190  0.322
   4 P C   0.495  0.178  0.327
   5 R C   0.499  0.211  0.290
   6 E C   0.542  0.231  0.227
   7 P C   0.513  0.287  0.200
   8 K C   0.459  0.271  0.270
   9 K C   0.451  0.287  0.261
  10 R C   0.437  0.320  0.244
  11 T C   0.401  0.262  0.337
  12 T C   0.381  0.279  0.340
  13 R C   0.431  0.238  0.330
  14 K C   0.410  0.234  0.356
  15 K C   0.485  0.240  0.275
  16 K C   0.515  0.217  0.268
  17 D C   0.609  0.220  0.170
  18 P C   0.620  0.243  0.138
  19 N C   0.614  0.223  0.162
  20 A C   0.570  0.264  0.167
  21 P C   0.527  0.325  0.148
  22 K C   0.436  0.383  0.181
  23 R C   0.433  0.397  0.171
  24 A C   0.439  0.432  0.128
  25 L H   0.330  0.543  0.127
  26 S H   0.294  0.567  0.140
  27 A H   0.216  0.637  0.148
  28 Y H   0.173  0.669  0.159
  29 M H   0.122  0.676  0.202
  30 F H   0.118  0.671  0.211
  31 F H   0.150  0.669  0.181
  32 A H   0.180  0.654  0.166
  33 N H   0.190  0.663  0.148
  34 E H   0.268  0.618  0.114
  35 N H   0.378  0.490  0.132
  36 R H   0.341  0.520  0.139
  37 D H   0.272  0.562  0.166
  38 I H   0.222  0.586  0.192
  39 V H   0.246  0.516  0.238
  40 R H   0.279  0.444  0.277
  41 S C   0.405  0.320  0.274
  42 E C   0.481  0.279  0.241
  43 N C   0.642  0.219  0.140
  44 P C   0.647  0.233  0.120
  45 D C   0.601  0.281  0.117
  46 I C   0.451  0.371  0.178
  47 T C   0.449  0.311  0.240
  48 F H   0.296  0.441  0.264
  49 G H   0.233  0.490  0.276
  50 Q H   0.236  0.471  0.293
  51 V H   0.158  0.548  0.293
  52 G H   0.184  0.600  0.217
  53 K H   0.116  0.648  0.236
  54 K H   0.121  0.633  0.246
  55 L H   0.190  0.588  0.222
  56 G H   0.167  0.593  0.241
  57 E H   0.197  0.619  0.184
  58 K H   0.186  0.613  0.201
  59 W H   0.213  0.531  0.256
  60 K H   0.292  0.460  0.248
  61 A C   0.433  0.379  0.188
  62 L C   0.469  0.347  0.184
  63 T C   0.481  0.379  0.140
  64 P H   0.336  0.498  0.167
  65 E H   0.365  0.468  0.167
  66 E H   0.393  0.441  0.167
  67 K H   0.323  0.424  0.253
  68 Q H   0.279  0.490  0.230
  69 P H   0.203  0.543  0.254
  70 Y H   0.168  0.633  0.200
  71 E H   0.149  0.647  0.204
  72 A H   0.161  0.671  0.168
  73 K H   0.135  0.685  0.180
  74 A H   0.134  0.681  0.185
  75 Q H   0.153  0.615  0.232
  76 A H   0.171  0.620  0.210
  77 D H   0.235  0.580  0.185
  78 K H   0.203  0.613  0.184
  79 K H   0.196  0.585  0.220
  80 R H   0.192  0.616  0.192
  81 Y H   0.176  0.619  0.205
  82 E H   0.151  0.638  0.211
  83 S H   0.183  0.610  0.207
  84 E H   0.169  0.623  0.208
  85 K H   0.154  0.636  0.210
  86 E H   0.123  0.650  0.227
  87 L H   0.156  0.627  0.217
  88 Y H   0.217  0.578  0.205
  89 N H   0.265  0.526  0.209
  90 A H   0.317  0.512  0.171
  91 T H   0.362  0.467  0.172
  92 L H   0.347  0.473  0.180
  93 A H   0.372  0.460  0.168
