   1 K C   0.417  0.379  0.204
   2 E H   0.268  0.492  0.240
   3 L H   0.207  0.432  0.361
   4 V E   0.149  0.362  0.490
   5 L E   0.150  0.316  0.533
   6 A E   0.226  0.214  0.560
   7 L E   0.279  0.211  0.510
   8 Y E   0.348  0.200  0.452
   9 D C   0.423  0.251  0.326
  10 Y C   0.473  0.308  0.219
  11 Q C   0.501  0.330  0.168
  12 E C   0.524  0.325  0.151
  13 K C   0.567  0.302  0.131
  14 S C   0.603  0.264  0.133
  15 P C   0.586  0.316  0.098
  16 R C   0.555  0.343  0.101
  17 E C   0.417  0.408  0.175
  18 V C   0.400  0.333  0.266
  19 T C   0.378  0.303  0.319
  20 M C   0.361  0.290  0.350
  21 K C   0.435  0.256  0.309
  22 K C   0.379  0.331  0.290
  23 G C   0.462  0.223  0.315
  24 D C   0.406  0.231  0.363
  25 I E   0.182  0.208  0.610
  26 L E   0.128  0.236  0.636
  27 T E   0.134  0.203  0.663
  28 L E   0.158  0.197  0.645
  29 L E   0.230  0.183  0.588
  30 N E   0.371  0.157  0.473
  31 S C   0.472  0.180  0.349
  32 T C   0.579  0.155  0.266
  33 N C   0.639  0.162  0.199
  34 K C   0.536  0.224  0.240
  35 D C   0.552  0.232  0.216
  36 W E   0.338  0.311  0.351
  37 W E   0.221  0.298  0.481
  38 K E   0.181  0.292  0.527
  39 V E   0.170  0.295  0.534
  40 E E   0.219  0.290  0.491
  41 V E   0.315  0.240  0.445
  42 N C   0.484  0.182  0.334
  43 G C   0.572  0.201  0.227
  44 R C   0.488  0.183  0.330
  45 Q E   0.391  0.136  0.473
  46 G E   0.371  0.110  0.519
  47 F E   0.318  0.123  0.560
  48 V E   0.346  0.117  0.537
  49 P E   0.355  0.193  0.452
  50 A E   0.328  0.243  0.429
  51 A E   0.354  0.226  0.420
  52 Y E   0.307  0.229  0.464
  53 V E   0.246  0.220  0.534
  54 K E   0.229  0.248  0.523
  55 K E   0.276  0.266  0.458
  56 L C   0.352  0.298  0.350
  57 D C   0.443  0.285  0.272
