# PSIPRED VFORMAT (PSIPRED V3.3)

   1 M C   0.488  0.184  0.329
   2 S C   0.504  0.173  0.322
   3 E C   0.524  0.175  0.300
   4 T C   0.479  0.207  0.314
   5 A C   0.509  0.190  0.301
   6 P C   0.536  0.208  0.256
   7 A C   0.517  0.279  0.204
   8 P C   0.491  0.261  0.249
   9 A C   0.489  0.277  0.234
  10 A C   0.459  0.298  0.243
  11 E C   0.499  0.258  0.243
  12 A C   0.507  0.284  0.210
  13 A C   0.469  0.262  0.269
  14 P C   0.457  0.309  0.234
  15 A C   0.410  0.295  0.294
  16 A C   0.477  0.249  0.274
  17 A C   0.497  0.265  0.237
  18 P C   0.476  0.227  0.297
  19 A C   0.515  0.262  0.222
  20 P C   0.505  0.274  0.221
  21 A C   0.426  0.316  0.258
  22 K C   0.405  0.303  0.291
  23 A C   0.395  0.293  0.312
  24 A C   0.419  0.269  0.312
  25 A C   0.397  0.218  0.385
  26 K C   0.428  0.212  0.360
  27 K C   0.404  0.259  0.336
  28 P C   0.452  0.272  0.277
  29 K C   0.408  0.349  0.242
  30 K C   0.432  0.274  0.294
  31 A C   0.439  0.272  0.289
  32 A C   0.468  0.223  0.310
  33 G C   0.479  0.211  0.309
  34 G C   0.489  0.218  0.292
  35 A C   0.455  0.176  0.369
  36 K C   0.453  0.154  0.393
  37 A C   0.469  0.171  0.360
  38 R C   0.471  0.170  0.358
  39 K C   0.525  0.167  0.308
  40 P C   0.567  0.138  0.295
  41 A C   0.600  0.149  0.251
  42 G C   0.624  0.147  0.229
  43 P C   0.594  0.176  0.229
  44 S C   0.471  0.225  0.304
  45 V E   0.225  0.368  0.407
  46 T E   0.138  0.421  0.441
  47 E E   0.125  0.430  0.445
  48 L H   0.117  0.451  0.432
  49 I E   0.087  0.448  0.465
  50 T H   0.088  0.537  0.375
  51 K H   0.090  0.549  0.361
  52 A H   0.125  0.553  0.322
  53 V H   0.125  0.541  0.335
  54 S H   0.122  0.496  0.381
  55 A H   0.182  0.452  0.365
  56 S H   0.291  0.406  0.303
  57 K H   0.305  0.433  0.261
  58 E H   0.392  0.393  0.215
  59 R C   0.429  0.335  0.236
  60 K C   0.453  0.291  0.256
  61 G C   0.416  0.392  0.192
  62 L H   0.293  0.469  0.238
  63 S H   0.161  0.530  0.309
  64 L H   0.091  0.615  0.294
  65 A H   0.091  0.603  0.305
  66 A H   0.111  0.597  0.292
  67 L H   0.115  0.594  0.291
  68 K H   0.108  0.620  0.272
  69 K H   0.092  0.615  0.293
  70 A H   0.122  0.548  0.330
  71 L H   0.116  0.521  0.364
  72 A H   0.141  0.484  0.375
  73 A H   0.257  0.396  0.348
  74 G C   0.427  0.262  0.311
  75 G C   0.504  0.214  0.282
  76 Y C   0.427  0.189  0.384
  77 D E   0.379  0.205  0.415
  78 V H   0.270  0.377  0.353
  79 E H   0.290  0.433  0.277
  80 K H   0.322  0.390  0.289
  81 N H   0.267  0.455  0.278
  82 N H   0.282  0.431  0.287
  83 S H   0.202  0.493  0.305
  84 R H   0.186  0.496  0.319
  85 I H   0.188  0.490  0.322
  86 K H   0.125  0.505  0.370
  87 L H   0.143  0.515  0.342
  88 G H   0.148  0.532  0.319
  89 L H   0.181  0.520  0.300
  90 K H   0.179  0.500  0.321
  91 S H   0.223  0.454  0.322
  92 L H   0.221  0.444  0.335
  93 V H   0.220  0.419  0.361
  94 S E   0.277  0.354  0.369
  95 K E   0.330  0.306  0.364
  96 G E   0.337  0.247  0.415
  97 T E   0.247  0.248  0.505
  98 L E   0.189  0.201  0.610
  99 V E   0.155  0.215  0.630
 100 Q E   0.189  0.209  0.603
 101 T E   0.264  0.185  0.551
 102 K E   0.381  0.171  0.448
 103 G E   0.411  0.174  0.415
 104 T C   0.437  0.198  0.365
 105 G C   0.462  0.156  0.381
 106 A C   0.449  0.209  0.342
 107 S C   0.524  0.184  0.292
 108 G C   0.450  0.237  0.313
 109 S C   0.359  0.293  0.347
 110 F E   0.299  0.318  0.384
 111 R E   0.246  0.368  0.385
 112 L H   0.286  0.359  0.355
 113 S C   0.412  0.303  0.285
 114 K C   0.423  0.307  0.269
 115 K C   0.452  0.262  0.286
 116 P C   0.490  0.242  0.268
 117 G C   0.451  0.239  0.310
 118 E C   0.464  0.223  0.313
 119 V C   0.454  0.230  0.316
 120 K C   0.418  0.228  0.354
 121 E C   0.441  0.167  0.392
 122 K C   0.440  0.180  0.380
 123 A C   0.454  0.192  0.354
 124 P C   0.457  0.200  0.343
 125 K E   0.360  0.248  0.392
 126 K E   0.359  0.269  0.372
 127 K E   0.336  0.291  0.373
 128 A E   0.293  0.313  0.393
 129 S E   0.324  0.291  0.385
 130 A C   0.422  0.274  0.304
 131 A C   0.424  0.238  0.338
 132 K C   0.452  0.232  0.317
 133 P C   0.440  0.259  0.301
 134 K C   0.417  0.267  0.316
 135 K C   0.380  0.309  0.312
 136 P C   0.375  0.282  0.343
 137 A C   0.359  0.307  0.334
 138 A E   0.363  0.252  0.385
 139 K C   0.380  0.264  0.356
 140 K C   0.377  0.276  0.347
 141 P C   0.380  0.264  0.356
 142 A C   0.385  0.333  0.282
 143 A C   0.395  0.254  0.351
 144 A C   0.385  0.275  0.339
 145 A E   0.366  0.226  0.408
 146 K C   0.395  0.210  0.395
 147 K C   0.387  0.228  0.385
 148 P C   0.407  0.218  0.376
 149 K E   0.370  0.252  0.379
 150 K C   0.394  0.253  0.353
 151 A C   0.366  0.270  0.364
 152 V E   0.368  0.258  0.373
 153 A C   0.388  0.227  0.385
 154 V C   0.393  0.248  0.359
 155 K C   0.425  0.241  0.333
 156 K C   0.448  0.207  0.345
 157 S C   0.472  0.218  0.310
 158 P C   0.425  0.252  0.323
 159 K C   0.379  0.252  0.369
 160 K E   0.365  0.217  0.418
 161 A E   0.387  0.218  0.394
 162 K E   0.374  0.242  0.384
 163 K C   0.395  0.232  0.373
 164 P C   0.412  0.278  0.311
 165 A C   0.394  0.278  0.327
 166 A C   0.430  0.254  0.316
 167 S C   0.434  0.253  0.314
 168 A C   0.425  0.259  0.317
 169 T C   0.395  0.282  0.322
 170 K C   0.380  0.311  0.309
 171 K C   0.399  0.292  0.309
 172 S C   0.363  0.280  0.357
 173 A C   0.409  0.268  0.323
 174 K C   0.425  0.273  0.303
 175 S C   0.460  0.215  0.325
 176 P C   0.462  0.218  0.320
 177 K C   0.396  0.248  0.356
 178 K C   0.389  0.243  0.368
 179 V E   0.347  0.300  0.353
 180 T E   0.346  0.266  0.388
 181 K E   0.335  0.232  0.433
 182 A C   0.430  0.207  0.362
 183 V C   0.425  0.210  0.365
 184 K C   0.426  0.232  0.342
 185 P C   0.393  0.244  0.363
 186 K C   0.376  0.283  0.341
 187 K C   0.353  0.301  0.346
 188 A E   0.329  0.296  0.375
 189 V E   0.308  0.300  0.392
 190 A E   0.352  0.260  0.388
 191 A C   0.411  0.212  0.377
 192 K E   0.380  0.186  0.434
 193 S C   0.416  0.218  0.366
 194 P C   0.422  0.233  0.345
 195 A C   0.391  0.281  0.328
 196 K C   0.382  0.288  0.330
 197 A E   0.337  0.283  0.380
 198 K E   0.328  0.237  0.435
 199 A E   0.373  0.214  0.413
 200 V E   0.404  0.190  0.405
 201 K C   0.407  0.216  0.377
 202 P C   0.411  0.227  0.362
 203 K C   0.413  0.234  0.353
 204 A C   0.462  0.202  0.336
 205 A C   0.473  0.222  0.305
 206 K C   0.463  0.231  0.306
 207 P C   0.421  0.222  0.356
 208 K C   0.413  0.268  0.319
 209 A C   0.437  0.248  0.315
 210 A C   0.402  0.264  0.334
 211 K C   0.387  0.272  0.341
 212 P C   0.376  0.284  0.340
 213 K C   0.395  0.298  0.307
 214 A C   0.439  0.283  0.278
 215 A C   0.426  0.298  0.277
 216 K C   0.387  0.342  0.270
 217 A H   0.341  0.363  0.296
 218 K H   0.356  0.379  0.265
 219 K H   0.340  0.366  0.294
 220 A C   0.358  0.349  0.292
 221 A C   0.380  0.344  0.276
 222 A C   0.361  0.347  0.291
 223 K H   0.340  0.362  0.298
 224 K H   0.331  0.394  0.275
 225 K C   0.344  0.333  0.322
