   1 M E   0.280  0.264  0.456
   2 D E   0.327  0.224  0.449
   3 V E   0.226  0.268  0.507
   4 F E   0.197  0.269  0.534
   5 M E   0.196  0.268  0.535
   6 K E   0.278  0.266  0.456
   7 G E   0.326  0.266  0.408
   8 L E   0.305  0.289  0.406
   9 S E   0.322  0.230  0.448
  10 K E   0.345  0.233  0.422
  11 A E   0.272  0.268  0.460
  12 K E   0.209  0.275  0.516
  13 E E   0.245  0.243  0.512
  14 G E   0.204  0.249  0.547
  15 V E   0.141  0.268  0.590
  16 V E   0.141  0.252  0.608
  17 A E   0.161  0.271  0.569
  18 A E   0.165  0.339  0.496
  19 A E   0.173  0.411  0.416
  20 E E   0.224  0.364  0.412
  21 K E   0.246  0.309  0.444
  22 T E   0.263  0.273  0.464
  23 K E   0.236  0.326  0.439
  24 Q E   0.299  0.318  0.383
  25 G E   0.261  0.300  0.439
  26 V E   0.145  0.320  0.535
  27 A E   0.159  0.284  0.558
  28 E E   0.186  0.283  0.532
  29 A E   0.171  0.393  0.435
  30 A H   0.198  0.426  0.376
  31 G E   0.290  0.351  0.359
  32 K E   0.345  0.288  0.367
  33 T E   0.264  0.254  0.482
  34 K E   0.197  0.332  0.471
  35 E E   0.199  0.294  0.507
  36 G E   0.213  0.303  0.483
  37 V E   0.120  0.289  0.591
  38 L E   0.122  0.252  0.626
  39 Y E   0.157  0.187  0.656
  40 V E   0.159  0.195  0.646
  41 G E   0.221  0.194  0.586
  42 S E   0.286  0.152  0.562
  43 K E   0.331  0.134  0.535
  44 T E   0.310  0.175  0.515
  45 K E   0.335  0.195  0.470
  46 E E   0.312  0.193  0.495
  47 G E   0.336  0.131  0.533
  48 V E   0.343  0.148  0.509
  49 V E   0.263  0.169  0.567
  50 H E   0.314  0.150  0.536
  51 G E   0.324  0.173  0.503
  52 V E   0.226  0.246  0.528
  53 A E   0.198  0.246  0.556
  54 T E   0.189  0.283  0.528
  55 V E   0.150  0.371  0.479
  56 A H   0.210  0.407  0.383
  57 E E   0.261  0.322  0.417
  58 K E   0.328  0.251  0.421
  59 T E   0.317  0.252  0.431
  60 K E   0.267  0.352  0.380
  61 E E   0.215  0.354  0.431
  62 Q E   0.197  0.345  0.458
  63 V E   0.143  0.314  0.543
  64 T E   0.242  0.232  0.526
  65 N E   0.285  0.213  0.501
  66 V E   0.368  0.227  0.405
  67 G C   0.414  0.259  0.327
  68 G E   0.364  0.241  0.395
  69 A E   0.289  0.252  0.459
  70 V E   0.214  0.201  0.585
  71 V E   0.163  0.295  0.542
  72 T E   0.212  0.278  0.510
  73 G E   0.274  0.254  0.473
  74 V E   0.222  0.339  0.439
  75 T E   0.216  0.280  0.504
  76 A E   0.227  0.275  0.498
  77 V E   0.200  0.285  0.515
  78 A E   0.221  0.352  0.427
  79 Q E   0.271  0.315  0.415
  80 K E   0.368  0.237  0.395
  81 T E   0.328  0.189  0.483
  82 V E   0.359  0.279  0.362
  83 E C   0.364  0.285  0.350
  84 G C   0.366  0.298  0.336
  85 A E   0.334  0.330  0.336
  86 G E   0.267  0.315  0.419
  87 S E   0.222  0.278  0.500
  88 I E   0.134  0.298  0.568
  89 A E   0.140  0.291  0.569
  90 A E   0.175  0.293  0.532
  91 A E   0.256  0.253  0.491
  92 T E   0.315  0.190  0.495
  93 G E   0.365  0.183  0.452
  94 F E   0.322  0.177  0.501
  95 V E   0.304  0.148  0.548
  96 K E   0.318  0.151  0.531
  97 K E   0.373  0.169  0.458
  98 D C   0.449  0.185  0.365
  99 Q C   0.489  0.148  0.363
 100 L C   0.532  0.126  0.342
 101 G C   0.588  0.126  0.286
 102 K C   0.600  0.167  0.233
 103 N C   0.629  0.194  0.177
 104 E C   0.541  0.259  0.201
 105 E C   0.637  0.202  0.161
 106 G C   0.615  0.270  0.115
 107 A C   0.512  0.326  0.162
 108 P C   0.454  0.388  0.157
 109 Q H   0.329  0.473  0.198
 110 E H   0.275  0.463  0.262
 111 G H   0.310  0.439  0.251
 112 I H   0.327  0.370  0.303
 113 L C   0.376  0.336  0.288
 114 E C   0.452  0.302  0.245
 115 D C   0.528  0.229  0.243
 116 M C   0.546  0.222  0.232
 117 P C   0.628  0.185  0.186
 118 V C   0.589  0.201  0.209
 119 D C   0.628  0.200  0.172
 120 P C   0.567  0.242  0.191
 121 D C   0.569  0.268  0.163
 122 N C   0.514  0.225  0.261
 123 E C   0.432  0.271  0.298
 124 A E   0.391  0.218  0.391
 125 Y C   0.394  0.216  0.390
 126 E C   0.481  0.183  0.336
 127 M C   0.620  0.173  0.207
 128 P C   0.552  0.203  0.244
 129 S C   0.578  0.259  0.164
 130 E C   0.503  0.314  0.183
 131 E C   0.515  0.288  0.196
 132 G C   0.491  0.249  0.260
 133 Y C   0.450  0.305  0.246
 134 Q C   0.386  0.261  0.353
 135 D C   0.478  0.185  0.337
 136 Y C   0.406  0.232  0.362
 137 E C   0.460  0.270  0.270
 138 P C   0.468  0.341  0.191
 139 E C   0.421  0.390  0.189
 140 A C   0.411  0.380  0.209
