   1 T C   0.439  0.191  0.370
   2 T C   0.391  0.234  0.375
   3 E C   0.401  0.267  0.332
   4 D C   0.448  0.258  0.294
   5 K E   0.313  0.302  0.385
   6 I E   0.253  0.306  0.441
   7 S E   0.224  0.322  0.454
   8 R E   0.263  0.316  0.420
   9 A C   0.366  0.304  0.330
  10 V C   0.492  0.243  0.265
  11 G C   0.545  0.205  0.250
  12 P C   0.489  0.315  0.197
  13 R H   0.337  0.380  0.283
  14 Q H   0.242  0.414  0.344
  15 A H   0.269  0.377  0.354
  16 Q E   0.197  0.357  0.447
  17 V E   0.163  0.349  0.487
  18 S E   0.209  0.329  0.462
  19 F E   0.208  0.295  0.497
  20 L E   0.259  0.296  0.445
  21 H C   0.400  0.237  0.363
  22 G C   0.462  0.243  0.295
  23 D C   0.501  0.269  0.230
  24 Q C   0.453  0.292  0.255
  25 S C   0.437  0.278  0.285
  26 E C   0.401  0.315  0.284
  27 N C   0.425  0.281  0.293
  28 E C   0.398  0.304  0.298
  29 L C   0.421  0.267  0.312
  30 P C   0.388  0.358  0.254
  31 R H   0.356  0.362  0.282
  32 L C   0.425  0.292  0.283
  33 G C   0.503  0.254  0.243
  34 G C   0.495  0.220  0.285
  35 K C   0.432  0.256  0.312
  36 E C   0.343  0.323  0.334
  37 D C   0.338  0.336  0.326
  38 R H   0.251  0.381  0.368
  39 R E   0.244  0.326  0.430
  40 V E   0.200  0.387  0.413
  41 K H   0.253  0.400  0.347
  42 Q E   0.323  0.327  0.351
  43 S E   0.336  0.311  0.354
  44 R C   0.388  0.320  0.292
  45 G C   0.405  0.313  0.282
  46 E C   0.363  0.334  0.304
  47 A C   0.351  0.322  0.327
  48 R E   0.306  0.332  0.362
  49 E E   0.292  0.327  0.382
  50 S E   0.300  0.337  0.363
  51 Y E   0.320  0.293  0.387
  52 R E   0.336  0.278  0.386
  53 E C   0.418  0.246  0.336
  54 T C   0.499  0.216  0.285
  55 G C   0.539  0.201  0.260
  56 P C   0.514  0.279  0.207
  57 S C   0.442  0.290  0.268
  58 R C   0.362  0.323  0.315
  59 A C   0.386  0.318  0.296
  60 S C   0.408  0.313  0.279
  61 D H   0.355  0.379  0.266
  62 A H   0.294  0.448  0.258
  63 R H   0.303  0.405  0.293
  64 A H   0.312  0.347  0.341
  65 A C   0.455  0.248  0.296
  66 H C   0.526  0.163  0.312
  67 L C   0.575  0.180  0.245
  68 P C   0.612  0.173  0.214
  69 T C   0.595  0.196  0.209
  70 G C   0.622  0.139  0.240
  71 T C   0.596  0.132  0.272
  72 P C   0.487  0.163  0.350
  73 L C   0.483  0.173  0.344
  74 D C   0.425  0.166  0.409
  75 I E   0.376  0.226  0.398
  76 D C   0.413  0.239  0.348
  77 T C   0.361  0.280  0.360
  78 A C   0.399  0.307  0.295
  79 S C   0.458  0.264  0.278
  80 E C   0.455  0.281  0.264
  81 S C   0.510  0.259  0.231
  82 S C   0.537  0.252  0.212
  83 Q C   0.553  0.250  0.197
  84 D C   0.623  0.219  0.158
  85 P C   0.539  0.304  0.158
  86 Q C   0.512  0.331  0.158
  87 D C   0.462  0.322  0.215
  88 S C   0.399  0.349  0.252
  89 R H   0.314  0.449  0.237
  90 R H   0.299  0.428  0.273
  91 S H   0.275  0.457  0.268
  92 A H   0.243  0.523  0.235
  93 D H   0.244  0.569  0.187
  94 A H   0.170  0.623  0.208
  95 L H   0.144  0.617  0.240
  96 L H   0.117  0.595  0.288
  97 R H   0.108  0.597  0.295
  98 L H   0.120  0.616  0.264
  99 Q H   0.141  0.608  0.251
 100 A H   0.159  0.579  0.262
 101 M H   0.213  0.533  0.254
 102 A H   0.296  0.438  0.266
 103 G H   0.352  0.354  0.294
 104 I H   0.292  0.357  0.351
 105 S E   0.282  0.309  0.409
 106 E E   0.294  0.340  0.367
 107 E H   0.354  0.373  0.273
 108 Q C   0.480  0.253  0.268
 109 G C   0.590  0.189  0.220
 110 S C   0.576  0.189  0.236
 111 D C   0.581  0.182  0.237
 112 T C   0.504  0.181  0.315
 113 D C   0.517  0.159  0.325
 114 T C   0.482  0.178  0.339
 115 P C   0.390  0.243  0.367
 116 I E   0.308  0.213  0.479
 117 V E   0.284  0.241  0.474
 118 Y E   0.358  0.216  0.426
 119 N C   0.469  0.169  0.362
 120 D C   0.447  0.256  0.297
 121 R C   0.394  0.287  0.319
 122 N C   0.383  0.261  0.356
 123 L E   0.307  0.319  0.374
 124 L E   0.331  0.305  0.364
 125 D C   0.412  0.307  0.281
