   1 R C   0.570  0.248  0.183
   2 P C   0.523  0.263  0.213
   3 R C   0.503  0.282  0.214
   4 T C   0.379  0.308  0.313
   5 A C   0.400  0.325  0.275
   6 F C   0.383  0.325  0.291
   7 S H   0.315  0.357  0.328
   8 S H   0.276  0.499  0.225
   9 E H   0.254  0.508  0.238
  10 Q H   0.212  0.550  0.238
  11 L H   0.162  0.560  0.278
  12 A H   0.181  0.542  0.277
  13 R H   0.181  0.543  0.276
  14 L H   0.207  0.532  0.261
  15 K H   0.246  0.505  0.249
  16 R H   0.261  0.474  0.265
  17 E H   0.292  0.440  0.267
  18 F H   0.340  0.407  0.252
  19 N C   0.385  0.355  0.260
  20 E H   0.379  0.405  0.216
  21 N C   0.416  0.342  0.242
  22 R H   0.257  0.481  0.262
  23 Y H   0.209  0.415  0.375
  24 L H   0.247  0.422  0.330
  25 T H   0.270  0.418  0.312
  26 E H   0.318  0.478  0.204
  27 R H   0.325  0.496  0.179
  28 R H   0.275  0.536  0.188
  29 R H   0.225  0.556  0.219
  30 Q H   0.185  0.604  0.211
  31 Q H   0.180  0.582  0.237
  32 L H   0.174  0.576  0.250
  33 S H   0.190  0.585  0.225
  34 S H   0.232  0.584  0.184
  35 E H   0.172  0.611  0.217
  36 L H   0.280  0.541  0.179
  37 G H   0.393  0.427  0.181
  38 L H   0.388  0.475  0.137
  39 N H   0.346  0.491  0.163
  40 E H   0.253  0.572  0.175
  41 A H   0.238  0.532  0.230
  42 Q H   0.190  0.505  0.305
  43 I H   0.180  0.473  0.347
  44 K H   0.153  0.488  0.359
  45 I H   0.160  0.497  0.342
  46 W H   0.165  0.496  0.340
  47 F H   0.238  0.481  0.281
  48 Q H   0.301  0.504  0.195
  49 N H   0.357  0.475  0.167
  50 K H   0.367  0.444  0.190
  51 R H   0.337  0.484  0.179
  52 A H   0.352  0.422  0.226
  53 K H   0.356  0.383  0.261
  54 I H   0.338  0.373  0.289
