# PSIPRED VFORMAT (PSIPRED V3.3)

   1 P C   1.000  0.000  0.000
   2 Y C   1.000  0.000  0.000
   3 S C   0.999  0.000  0.001
   4 S C   0.996  0.002  0.004
   5 D C   0.939  0.024  0.054
   6 T C   0.608  0.201  0.190
   7 T C   0.500  0.234  0.266
   8 P E   0.363  0.264  0.372
   9 C E   0.355  0.221  0.424
  10 C E   0.316  0.231  0.453
  11 F E   0.231  0.266  0.503
  12 A E   0.185  0.272  0.542
  13 Y E   0.210  0.314  0.476
  14 I E   0.296  0.197  0.507
  15 A E   0.359  0.205  0.436
  16 R C   0.465  0.191  0.344
  17 P C   0.470  0.214  0.316
  18 L C   0.579  0.185  0.235
  19 P C   0.470  0.267  0.263
  20 R C   0.369  0.348  0.283
  21 A E   0.268  0.361  0.370
  22 H E   0.197  0.356  0.447
  23 I E   0.134  0.355  0.511
  24 K E   0.141  0.330  0.529
  25 E E   0.170  0.279  0.551
  26 Y E   0.135  0.277  0.589
  27 F E   0.160  0.229  0.611
  28 Y E   0.245  0.180  0.576
  29 T E   0.363  0.190  0.447
  30 S C   0.510  0.202  0.288
  31 G C   0.579  0.194  0.227
  32 K C   0.544  0.179  0.277
  33 C C   0.567  0.133  0.300
  34 S C   0.563  0.165  0.272
  35 N C   0.500  0.197  0.303
  36 P E   0.328  0.323  0.348
  37 A E   0.228  0.311  0.462
  38 V E   0.142  0.282  0.576
  39 V E   0.114  0.277  0.609
  40 F E   0.129  0.278  0.594
  41 V E   0.127  0.310  0.562
  42 T E   0.172  0.382  0.446
  43 R H   0.257  0.449  0.293
  44 K C   0.457  0.319  0.223
  45 N C   0.484  0.286  0.231
  46 R H   0.316  0.371  0.314
  47 Q E   0.232  0.256  0.513
  48 V E   0.296  0.168  0.536
  49 C E   0.348  0.169  0.483
  50 A C   0.457  0.233  0.310
  51 N C   0.631  0.206  0.163
  52 P C   0.633  0.238  0.130
  53 E C   0.567  0.289  0.144
  54 K C   0.517  0.354  0.129
  55 K H   0.392  0.462  0.147
  56 W H   0.288  0.473  0.239
  57 V H   0.204  0.508  0.288
  58 R H   0.134  0.613  0.253
  59 E H   0.148  0.576  0.276
  60 Y H   0.143  0.585  0.273
  61 I H   0.166  0.560  0.274
  62 N H   0.184  0.525  0.291
  63 S H   0.256  0.499  0.245
  64 L H   0.327  0.426  0.248
  65 E C   0.426  0.399  0.175
  66 M C   0.839  0.116  0.094
  67 S C   0.990  0.006  0.010
