   1 M C   0.473  0.164  0.363
   2 Q C   0.515  0.142  0.343
   3 P C   0.506  0.198  0.297
   4 A C   0.454  0.216  0.331
   5 S E   0.377  0.233  0.390
   6 A E   0.258  0.273  0.469
   7 K E   0.241  0.314  0.445
   8 W E   0.261  0.314  0.424
   9 Y C   0.363  0.330  0.306
  10 D C   0.436  0.329  0.234
  11 R C   0.491  0.292  0.216
  12 R C   0.446  0.352  0.202
  13 D H   0.386  0.399  0.215
  14 Y E   0.202  0.387  0.411
  15 V E   0.162  0.312  0.526
  16 F E   0.134  0.253  0.613
  17 I E   0.120  0.298  0.582
  18 E E   0.120  0.296  0.584
  19 F E   0.127  0.310  0.563
  20 C E   0.159  0.273  0.568
  21 V E   0.256  0.298  0.446
  22 E C   0.453  0.224  0.323
  23 D C   0.605  0.174  0.221
  24 S C   0.506  0.157  0.337
  25 K C   0.539  0.162  0.299
  26 D C   0.427  0.184  0.389
  27 V E   0.343  0.187  0.470
  28 N E   0.231  0.215  0.553
  29 V E   0.195  0.172  0.633
  30 N E   0.202  0.204  0.594
  31 F E   0.289  0.200  0.511
  32 E E   0.309  0.266  0.425
  33 K H   0.300  0.354  0.345
  34 S E   0.335  0.276  0.389
  35 K E   0.243  0.250  0.507
  36 L E   0.186  0.295  0.518
  37 T E   0.152  0.280  0.568
  38 F E   0.133  0.234  0.633
  39 S E   0.164  0.224  0.613
  40 C E   0.220  0.249  0.531
  41 L E   0.316  0.233  0.451
  42 G C   0.509  0.159  0.331
  43 G C   0.567  0.190  0.244
  44 S C   0.598  0.205  0.197
  45 D C   0.602  0.184  0.214
  46 N C   0.518  0.234  0.248
  47 F C   0.429  0.260  0.311
  48 K E   0.261  0.292  0.447
  49 H E   0.193  0.360  0.448
  50 L E   0.168  0.371  0.461
  51 N E   0.271  0.279  0.449
  52 E E   0.265  0.328  0.408
  53 I H   0.232  0.415  0.353
  54 D H   0.323  0.365  0.312
  55 L C   0.337  0.329  0.334
  56 F E   0.330  0.310  0.360
  57 H C   0.383  0.247  0.370
  58 C E   0.386  0.210  0.404
  59 I E   0.402  0.178  0.420
  60 D C   0.486  0.153  0.361
  61 P C   0.531  0.206  0.263
  62 N C   0.554  0.193  0.253
  63 D C   0.438  0.238  0.324
  64 S C   0.415  0.184  0.401
  65 K E   0.265  0.230  0.505
  66 H E   0.203  0.238  0.559
  67 K E   0.270  0.207  0.524
  68 R E   0.322  0.209  0.468
  69 T C   0.416  0.222  0.362
  70 D C   0.422  0.229  0.349
  71 R C   0.363  0.297  0.340
  72 S E   0.321  0.273  0.406
  73 I E   0.232  0.289  0.479
  74 L E   0.137  0.332  0.530
  75 C E   0.118  0.272  0.609
  76 C E   0.108  0.272  0.620
  77 L E   0.138  0.318  0.544
  78 R E   0.186  0.305  0.510
  79 K E   0.359  0.262  0.379
  80 G C   0.399  0.256  0.345
  81 E C   0.461  0.233  0.306
  82 S C   0.456  0.204  0.340
  83 G C   0.443  0.234  0.323
  84 Q C   0.396  0.218  0.386
  85 S E   0.387  0.198  0.415
  86 W C   0.427  0.226  0.347
  87 P C   0.359  0.313  0.328
  88 R E   0.242  0.371  0.387
  89 L E   0.275  0.356  0.368
  90 T H   0.298  0.375  0.326
  91 K H   0.293  0.402  0.304
  92 E H   0.288  0.403  0.309
  93 R C   0.399  0.378  0.223
  94 A C   0.467  0.286  0.248
  95 K C   0.464  0.271  0.265
  96 L C   0.470  0.262  0.268
  97 N C   0.397  0.260  0.343
  98 W E   0.333  0.307  0.360
  99 L C   0.399  0.235  0.366
 100 S C   0.390  0.233  0.377
 101 V E   0.368  0.246  0.386
 102 D C   0.425  0.264  0.311
 103 F C   0.404  0.275  0.320
 104 N C   0.443  0.233  0.325
 105 N C   0.460  0.246  0.294
 106 W E   0.381  0.227  0.392
 107 K C   0.400  0.203  0.397
 108 D C   0.445  0.251  0.304
 109 W C   0.410  0.265  0.325
 110 E C   0.462  0.256  0.281
 111 D C   0.448  0.298  0.255
 112 D C   0.564  0.283  0.153
 113 S C   0.528  0.320  0.152
 114 D C   0.539  0.296  0.165
 115 E C   0.476  0.378  0.145
 116 D C   0.495  0.327  0.178
 117 M C   0.443  0.370  0.188
 118 S C   0.435  0.421  0.144
 119 N C   0.437  0.420  0.144
 120 F H   0.408  0.462  0.130
 121 D H   0.352  0.503  0.145
 122 R H   0.371  0.481  0.148
 123 F H   0.359  0.485  0.155
 124 S H   0.308  0.541  0.151
 125 E H   0.279  0.565  0.156
 126 M H   0.296  0.524  0.181
 127 M H   0.288  0.509  0.203
 128 N H   0.372  0.437  0.192
 129 N C   0.428  0.390  0.183
 130 M C   0.463  0.341  0.197
 131 G C   0.555  0.264  0.180
 132 G C   0.529  0.327  0.144
 133 D C   0.568  0.286  0.147
 134 E C   0.526  0.293  0.181
 135 D C   0.530  0.305  0.164
 136 V C   0.488  0.363  0.149
 137 D C   0.512  0.324  0.164
 138 L C   0.625  0.259  0.117
 139 P C   0.479  0.356  0.165
 140 E C   0.525  0.327  0.149
 141 V C   0.535  0.329  0.137
 142 D C   0.576  0.280  0.145
 143 G C   0.591  0.264  0.144
 144 A C   0.540  0.294  0.166
 145 D C   0.556  0.264  0.180
 146 D C   0.498  0.309  0.193
 147 D C   0.491  0.304  0.204
 148 S C   0.528  0.310  0.162
 149 Q C   0.542  0.326  0.132
 150 D C   0.588  0.272  0.140
 151 S C   0.557  0.312  0.131
 152 D C   0.531  0.303  0.165
 153 D C   0.519  0.322  0.158
 154 E C   0.508  0.335  0.157
 155 K C   0.499  0.307  0.194
 156 M C   0.498  0.327  0.174
 157 P C   0.529  0.302  0.169
 158 D C   0.486  0.351  0.163
 159 L C   0.450  0.409  0.141
 160 E H   0.391  0.434  0.175
