   1 M H   0.347  0.377  0.275
   2 A C   0.373  0.333  0.294
   3 K E   0.266  0.349  0.385
   4 W E   0.246  0.277  0.477
   5 V E   0.305  0.189  0.505
   6 C E   0.315  0.167  0.518
   7 K E   0.319  0.173  0.508
   8 I E   0.331  0.188  0.481
   9 C E   0.392  0.163  0.445
  10 G E   0.396  0.139  0.465
  11 Y E   0.338  0.126  0.536
  12 I E   0.278  0.153  0.570
  13 Y E   0.322  0.171  0.507
  14 D C   0.412  0.219  0.369
  15 E C   0.399  0.342  0.259
  16 D C   0.374  0.333  0.292
  17 A C   0.563  0.205  0.232
  18 G C   0.652  0.180  0.167
  19 D C   0.652  0.192  0.156
  20 P C   0.621  0.224  0.155
  21 D C   0.576  0.197  0.226
  22 N C   0.605  0.199  0.196
  23 G C   0.646  0.175  0.179
  24 I C   0.609  0.163  0.229
  25 S C   0.594  0.187  0.219
  26 P C   0.612  0.200  0.188
  27 G C   0.605  0.194  0.201
  28 T C   0.519  0.208  0.272
  29 K C   0.414  0.275  0.311
  30 F C   0.368  0.295  0.337
  31 E C   0.379  0.297  0.324
  32 E C   0.473  0.241  0.287
  33 L C   0.569  0.194  0.237
  34 P C   0.587  0.244  0.170
  35 D C   0.568  0.283  0.149
  36 D C   0.560  0.259  0.181
  37 W C   0.450  0.204  0.346
  38 V E   0.397  0.168  0.435
  39 C E   0.376  0.210  0.414
  40 P C   0.394  0.266  0.341
  41 I C   0.371  0.264  0.365
  42 C C   0.468  0.216  0.316
  43 G C   0.513  0.236  0.251
  44 A C   0.596  0.219  0.185
  45 P C   0.586  0.227  0.187
  46 K C   0.489  0.340  0.171
  47 S C   0.453  0.277  0.271
  48 E C   0.428  0.331  0.240
  49 F C   0.353  0.331  0.316
  50 E H   0.307  0.365  0.329
  51 K H   0.273  0.434  0.293
  52 L H   0.276  0.408  0.315
  53 E C   0.431  0.373  0.196
  54 D C   0.482  0.342  0.176
