   1 G C   0.550  0.108  0.342
   2 S C   0.530  0.093  0.378
   3 M C   0.507  0.087  0.405
   4 T C   0.561  0.087  0.352
   5 P C   0.628  0.102  0.270
   6 S C   0.614  0.109  0.278
   7 T C   0.584  0.108  0.308
   8 P C   0.681  0.128  0.190
   9 P C   0.636  0.189  0.175
  10 R C   0.516  0.224  0.260
  11 S C   0.432  0.234  0.334
  12 R C   0.446  0.242  0.311
  13 G C   0.458  0.225  0.317
  14 T C   0.416  0.251  0.333
  15 R E   0.359  0.233  0.408
  16 Y E   0.302  0.259  0.439
  17 L E   0.329  0.237  0.435
  18 A E   0.343  0.274  0.382
  19 Q C   0.383  0.253  0.363
  20 P C   0.425  0.241  0.334
  21 S C   0.428  0.236  0.336
  22 G C   0.455  0.237  0.307
  23 N C   0.456  0.201  0.343
  24 T C   0.424  0.218  0.359
  25 S C   0.425  0.220  0.355
  26 S E   0.382  0.222  0.396
  27 S C   0.446  0.216  0.338
  28 A C   0.443  0.239  0.317
  29 L C   0.413  0.232  0.355
  30 M C   0.395  0.233  0.372
  31 Q C   0.502  0.156  0.342
  32 G C   0.564  0.137  0.300
  33 Q C   0.558  0.173  0.269
  34 K C   0.499  0.161  0.340
  35 T C   0.451  0.143  0.407
  36 P C   0.546  0.166  0.289
  37 Q C   0.540  0.184  0.276
  38 K C   0.522  0.197  0.281
  39 P C   0.548  0.212  0.240
  40 S C   0.596  0.198  0.206
  41 Q C   0.539  0.165  0.297
  42 N C   0.550  0.154  0.296
  43 L C   0.504  0.132  0.364
  44 V C   0.475  0.111  0.414
  45 P C   0.463  0.097  0.440
  46 V E   0.403  0.092  0.505
  47 T E   0.443  0.095  0.462
  48 P C   0.454  0.153  0.393
  49 S E   0.411  0.152  0.437
  50 T E   0.366  0.146  0.489
  51 T E   0.302  0.173  0.526
  52 K E   0.318  0.168  0.515
  53 S E   0.321  0.205  0.474
  54 F E   0.339  0.201  0.460
  55 K C   0.433  0.186  0.382
  56 N C   0.447  0.183  0.371
  57 A C   0.480  0.242  0.277
  58 P C   0.445  0.276  0.278
  59 L C   0.414  0.249  0.336
  60 L C   0.485  0.129  0.386
  61 A C   0.561  0.152  0.287
  62 P C   0.639  0.151  0.210
  63 P C   0.615  0.194  0.191
  64 N C   0.575  0.191  0.235
  65 S C   0.566  0.178  0.255
  66 N C   0.561  0.200  0.239
  67 M C   0.521  0.247  0.232
  68 G C   0.559  0.184  0.257
  69 M C   0.578  0.166  0.256
  70 T C   0.565  0.145  0.290
  71 S C   0.577  0.133  0.289
  72 P C   0.610  0.176  0.214
  73 F C   0.542  0.215  0.242
  74 N C   0.557  0.147  0.296
  75 G C   0.529  0.157  0.315
  76 L C   0.551  0.116  0.333
  77 T E   0.402  0.114  0.484
  78 S C   0.475  0.112  0.414
  79 P C   0.469  0.152  0.379
  80 Q C   0.511  0.147  0.342
  81 R E   0.417  0.129  0.455
  82 S C   0.539  0.111  0.350
  83 P C   0.584  0.157  0.259
  84 F C   0.625  0.149  0.226
  85 P C   0.541  0.180  0.279
  86 K C   0.516  0.189  0.295
  87 S C   0.447  0.175  0.377
  88 S C   0.445  0.138  0.417
  89 V E   0.346  0.165  0.489
  90 K E   0.333  0.166  0.500
  91 R E   0.318  0.157  0.525
  92 T E   0.338  0.172  0.491
