# PSIPRED VFORMAT (PSIPRED V3.3)

   1 E C   0.507  0.178  0.314
   2 L C   0.523  0.174  0.304
   3 T C   0.590  0.160  0.250
   4 P C   0.568  0.196  0.236
   5 A C   0.474  0.254  0.272
   6 V C   0.402  0.220  0.379
   7 T E   0.296  0.248  0.456
   8 T E   0.224  0.277  0.499
   9 Y E   0.148  0.284  0.568
  10 K E   0.113  0.298  0.589
  11 L E   0.167  0.248  0.585
  12 V E   0.161  0.257  0.582
  13 I E   0.197  0.238  0.565
  14 N E   0.346  0.238  0.416
  15 G C   0.467  0.261  0.272
  16 K C   0.511  0.193  0.296
  17 T C   0.479  0.180  0.341
  18 L E   0.375  0.199  0.426
  19 K C   0.442  0.174  0.383
  20 G C   0.406  0.197  0.396
  21 E E   0.390  0.193  0.417
  22 T E   0.282  0.178  0.540
  23 T E   0.232  0.210  0.558
  24 T E   0.192  0.279  0.529
  25 K E   0.195  0.280  0.525
  26 A E   0.203  0.355  0.442
  27 V E   0.226  0.364  0.409
  28 D H   0.289  0.408  0.303
  29 A H   0.255  0.533  0.212
  30 E H   0.200  0.573  0.228
  31 T H   0.209  0.559  0.232
  32 A H   0.198  0.578  0.224
  33 E H   0.209  0.541  0.249
  34 K H   0.163  0.543  0.294
  35 A H   0.175  0.445  0.380
  36 F E   0.187  0.390  0.423
  37 K E   0.150  0.337  0.513
  38 Q E   0.179  0.344  0.477
  39 Y E   0.227  0.294  0.480
  40 A C   0.436  0.195  0.369
  41 N C   0.580  0.172  0.249
  42 D C   0.630  0.179  0.191
  43 N C   0.640  0.145  0.215
  44 G C   0.576  0.120  0.304
  45 V C   0.469  0.116  0.415
  46 D C   0.488  0.103  0.409
  47 G E   0.421  0.118  0.461
  48 V E   0.332  0.158  0.510
  49 W E   0.277  0.149  0.574
  50 T E   0.250  0.168  0.582
  51 Y E   0.262  0.235  0.502
  52 D C   0.416  0.262  0.323
  53 D C   0.453  0.322  0.225
  54 A C   0.429  0.337  0.234
  55 T C   0.389  0.277  0.334
  56 K E   0.333  0.284  0.383
  57 T E   0.247  0.263  0.490
  58 F E   0.269  0.202  0.529
  59 T E   0.224  0.211  0.565
  60 V E   0.182  0.256  0.561
  61 T E   0.197  0.318  0.486
  62 E E   0.227  0.327  0.446
  63 M E   0.315  0.311  0.375
  64 V E   0.331  0.239  0.430
  65 T C   0.442  0.225  0.333
  66 E C   0.406  0.215  0.379
  67 V C   0.523  0.191  0.287
  68 P C   0.454  0.270  0.276
  69 V C   0.406  0.293  0.301
  70 A C   0.371  0.274  0.354
