# PSIPRED VFORMAT (PSIPRED V3.3)

   1 M C   0.373  0.259  0.368
   2 D C   0.450  0.253  0.297
   3 Y C   0.474  0.285  0.241
   4 K C   0.521  0.275  0.204
   5 D C   0.527  0.345  0.128
   6 D C   0.498  0.366  0.136
   7 D C   0.490  0.352  0.158
   8 D C   0.445  0.371  0.183
   9 K C   0.442  0.332  0.226
  10 N C   0.437  0.332  0.231
  11 R C   0.453  0.265  0.282
  12 A C   0.472  0.255  0.274
  13 L C   0.499  0.260  0.241
  14 S C   0.539  0.273  0.188
  15 P C   0.502  0.327  0.170
  16 M H   0.307  0.499  0.194
  17 V H   0.212  0.541  0.247
  18 S H   0.200  0.577  0.223
  19 E H   0.193  0.568  0.240
  20 F H   0.235  0.511  0.254
  21 E H   0.232  0.533  0.236
  22 T H   0.199  0.559  0.242
  23 I H   0.182  0.563  0.255
  24 E H   0.240  0.511  0.249
  25 Q H   0.299  0.513  0.188
  26 E H   0.302  0.550  0.148
  27 N H   0.305  0.520  0.175
  28 S H   0.283  0.518  0.199
  29 Y H   0.266  0.568  0.166
  30 N H   0.224  0.607  0.169
  31 E H   0.162  0.639  0.199
  32 W H   0.147  0.626  0.227
  33 L H   0.141  0.671  0.188
  34 R H   0.146  0.668  0.186
  35 A H   0.134  0.662  0.204
  36 K H   0.166  0.636  0.198
  37 V H   0.180  0.603  0.218
  38 A H   0.178  0.619  0.203
  39 T H   0.208  0.552  0.240
  40 S H   0.261  0.473  0.266
  41 L C   0.394  0.385  0.220
  42 A C   0.543  0.296  0.160
  43 D C   0.608  0.240  0.152
  44 P C   0.619  0.242  0.139
  45 R C   0.653  0.215  0.132
  46 P C   0.681  0.197  0.122
  47 A C   0.631  0.209  0.160
  48 I C   0.585  0.234  0.182
  49 P C   0.530  0.312  0.158
  50 H H   0.406  0.436  0.158
  51 D H   0.230  0.572  0.198
  52 E H   0.180  0.618  0.202
  53 V H   0.118  0.666  0.216
  54 E H   0.098  0.655  0.247
  55 R H   0.109  0.687  0.204
  56 R H   0.102  0.720  0.178
  57 M H   0.116  0.697  0.187
  58 A H   0.104  0.714  0.183
  59 E H   0.121  0.690  0.190
  60 R H   0.120  0.685  0.195
  61 F H   0.112  0.691  0.197
  62 A H   0.130  0.685  0.185
  63 K H   0.113  0.677  0.211
  64 M H   0.137  0.643  0.220
  65 R H   0.138  0.625  0.237
  66 K H   0.170  0.626  0.203
  67 E H   0.201  0.584  0.215
  68 R H   0.276  0.522  0.202
  69 S H   0.260  0.456  0.284
  70 K H   0.322  0.404  0.274
  71 Q C   0.383  0.342  0.275
  72 M C   0.391  0.272  0.337
  73 D C   0.401  0.260  0.338
  74 Y C   0.400  0.352  0.249
  75 K C   0.479  0.301  0.220
  76 D C   0.525  0.305  0.171
  77 D C   0.454  0.334  0.212
  78 D C   0.440  0.333  0.227
  79 D C   0.375  0.323  0.302
  80 K H   0.308  0.371  0.320
  81 N H   0.335  0.362  0.303
  82 R H   0.337  0.351  0.312
  83 A C   0.380  0.284  0.336
  84 L C   0.431  0.278  0.291
  85 S C   0.450  0.321  0.229
  86 P C   0.395  0.375  0.230
  87 M H   0.275  0.496  0.230
  88 V H   0.204  0.513  0.283
  89 S H   0.212  0.564  0.224
  90 E H   0.209  0.565  0.226
  91 F H   0.254  0.509  0.237
  92 E H   0.228  0.526  0.246
  93 T H   0.218  0.529  0.253
  94 I H   0.193  0.533  0.274
  95 E H   0.251  0.481  0.268
  96 Q H   0.294  0.501  0.205
  97 E H   0.301  0.540  0.159
  98 N H   0.292  0.511  0.197
  99 S H   0.286  0.507  0.207
 100 Y H   0.261  0.557  0.182
 101 N H   0.226  0.601  0.173
 102 E H   0.161  0.630  0.209
 103 W H   0.148  0.631  0.221
 104 L H   0.139  0.675  0.185
 105 R H   0.145  0.665  0.190
 106 A H   0.129  0.667  0.205
 107 K H   0.160  0.639  0.201
 108 V H   0.177  0.603  0.221
 109 A H   0.182  0.615  0.204
 110 T H   0.215  0.542  0.243
 111 S H   0.267  0.454  0.279
 112 L C   0.382  0.371  0.247
 113 A C   0.550  0.285  0.165
 114 D C   0.615  0.224  0.161
 115 P C   0.621  0.249  0.130
 116 R C   0.651  0.225  0.124
 117 P C   0.675  0.205  0.121
 118 A C   0.619  0.229  0.152
 119 I C   0.575  0.259  0.166
 120 P C   0.535  0.334  0.131
 121 H H   0.406  0.463  0.131
 122 D H   0.233  0.592  0.175
 123 E H   0.192  0.640  0.168
 124 V H   0.135  0.667  0.198
 125 E H   0.114  0.676  0.210
 126 R H   0.117  0.703  0.180
 127 R H   0.115  0.718  0.168
 128 M H   0.123  0.704  0.174
 129 A H   0.120  0.711  0.169
 130 E H   0.124  0.697  0.179
 131 R H   0.131  0.698  0.171
 132 F H   0.131  0.711  0.158
 133 A H   0.133  0.710  0.158
 134 K H   0.130  0.689  0.181
 135 M H   0.133  0.675  0.191
 136 R H   0.141  0.654  0.206
 137 K H   0.201  0.610  0.189
 138 E H   0.238  0.565  0.197
 139 R H   0.328  0.511  0.161
 140 S H   0.390  0.436  0.174
 141 K C   0.433  0.378  0.189
 142 Q C   0.440  0.368  0.192
