   1 N C   0.516  0.296  0.188
   2 K C   0.445  0.302  0.253
   3 E C   0.479  0.282  0.239
   4 L C   0.481  0.317  0.202
   5 D C   0.517  0.287  0.196
   6 P H   0.338  0.488  0.174
   7 V H   0.276  0.515  0.209
   8 Q H   0.205  0.495  0.301
   9 K H   0.182  0.486  0.332
  10 L H   0.178  0.447  0.375
  11 F E   0.190  0.402  0.408
  12 V H   0.184  0.435  0.381
  13 D H   0.224  0.453  0.323
  14 K H   0.203  0.495  0.302
  15 I H   0.152  0.539  0.309
  16 R H   0.153  0.538  0.308
  17 E H   0.168  0.523  0.308
  18 Y H   0.181  0.518  0.302
  19 R H   0.241  0.486  0.273
  20 T H   0.266  0.469  0.265
  21 K H   0.309  0.445  0.246
  22 R H   0.347  0.381  0.271
  23 Q H   0.357  0.377  0.267
  24 T C   0.458  0.307  0.235
  25 S C   0.579  0.192  0.229
  26 G C   0.651  0.144  0.205
  27 G C   0.602  0.149  0.249
  28 P C   0.547  0.148  0.305
  29 V C   0.488  0.131  0.381
  30 D C   0.595  0.134  0.271
  31 A C   0.610  0.165  0.226
  32 G C   0.644  0.176  0.181
  33 P C   0.474  0.315  0.210
  34 E H   0.325  0.469  0.206
  35 Y H   0.205  0.494  0.301
  36 Q H   0.160  0.530  0.310
  37 Q H   0.166  0.578  0.256
  38 D H   0.219  0.550  0.230
  39 L H   0.203  0.556  0.241
  40 D H   0.182  0.607  0.211
  41 R H   0.178  0.632  0.190
  42 E H   0.171  0.624  0.205
  43 L H   0.133  0.659  0.208
  44 F H   0.129  0.655  0.215
  45 K H   0.126  0.632  0.241
  46 L H   0.129  0.615  0.257
  47 K H   0.131  0.620  0.249
  48 Q H   0.160  0.499  0.341
  49 M H   0.175  0.463  0.362
  50 Y C   0.419  0.249  0.333
  51 G C   0.488  0.267  0.246
  52 K C   0.463  0.296  0.241
  53 A C   0.443  0.225  0.332
  54 D C   0.483  0.203  0.314
  55 M E   0.359  0.253  0.388
  56 N E   0.387  0.176  0.437
  57 T C   0.389  0.222  0.389
  58 F C   0.545  0.157  0.298
  59 P C   0.543  0.181  0.276
  60 N C   0.479  0.249  0.271
  61 F C   0.429  0.181  0.390
  62 T C   0.423  0.163  0.414
  63 F C   0.499  0.129  0.372
  64 E C   0.513  0.139  0.348
  65 D C   0.580  0.162  0.258
  66 P C   0.525  0.201  0.274
  67 K C   0.472  0.220  0.308
  68 F E   0.393  0.206  0.402
  69 E C   0.409  0.188  0.402
  70 V E   0.347  0.222  0.431
  71 V C   0.454  0.191  0.355
  72 E C   0.553  0.186  0.260
  73 K C   0.624  0.218  0.157
  74 P C   0.619  0.234  0.147
  75 Q C   0.570  0.298  0.132
  76 S C   0.539  0.292  0.168
