   1 M C   0.376  0.296  0.328
   2 E C   0.394  0.282  0.323
   3 K C   0.428  0.312  0.260
   4 K C   0.462  0.256  0.282
   5 E C   0.560  0.228  0.212
   6 Q C   0.595  0.216  0.188
   7 V C   0.612  0.198  0.190
   8 S C   0.675  0.159  0.166
   9 G C   0.658  0.161  0.182
  10 P C   0.639  0.148  0.213
  11 P C   0.522  0.203  0.275
  12 L C   0.425  0.195  0.380
  13 S E   0.394  0.179  0.427
  14 N E   0.360  0.205  0.436
  15 M E   0.225  0.253  0.522
  16 K E   0.138  0.219  0.643
  17 F E   0.114  0.231  0.655
  18 Y E   0.177  0.190  0.633
  19 L E   0.222  0.149  0.629
  20 N E   0.372  0.162  0.466
  21 R C   0.474  0.191  0.335
  22 D C   0.525  0.187  0.288
  23 A C   0.529  0.198  0.273
  24 D C   0.601  0.188  0.211
  25 A C   0.567  0.256  0.176
  26 H C   0.598  0.247  0.155
  27 D C   0.548  0.271  0.181
  28 S C   0.480  0.322  0.198
  29 L H   0.390  0.440  0.170
  30 N C   0.446  0.359  0.195
  31 D H   0.378  0.422  0.200
  32 I H   0.209  0.623  0.168
  33 D H   0.166  0.637  0.197
  34 Q H   0.155  0.633  0.212
  35 L H   0.150  0.619  0.231
  36 A H   0.123  0.634  0.243
  37 R H   0.088  0.601  0.311
  38 L H   0.095  0.575  0.330
  39 I H   0.094  0.472  0.434
  40 R H   0.108  0.475  0.417
  41 A H   0.216  0.439  0.345
  42 N C   0.502  0.248  0.250
  43 G C   0.578  0.240  0.182
  44 G C   0.538  0.238  0.224
  45 E E   0.326  0.222  0.452
  46 V E   0.168  0.228  0.605
  47 L E   0.198  0.231  0.570
  48 D E   0.298  0.194  0.508
  49 S E   0.361  0.262  0.377
  50 K C   0.459  0.254  0.287
  51 P C   0.561  0.234  0.205
  52 R C   0.565  0.262  0.173
  53 E C   0.576  0.241  0.183
  54 S C   0.518  0.229  0.253
  55 K C   0.392  0.257  0.351
  56 E E   0.290  0.309  0.400
  57 N E   0.186  0.362  0.452
  58 V E   0.114  0.344  0.542
  59 F E   0.107  0.264  0.629
  60 I E   0.158  0.238  0.604
  61 V E   0.226  0.280  0.493
  62 S E   0.376  0.218  0.406
  63 P C   0.509  0.208  0.283
  64 Y C   0.519  0.199  0.283
  65 N C   0.545  0.207  0.248
  66 H C   0.483  0.220  0.297
  67 T C   0.495  0.167  0.338
  68 N C   0.512  0.147  0.341
  69 L C   0.441  0.124  0.435
  70 P E   0.365  0.141  0.495
  71 T E   0.314  0.133  0.554
  72 V E   0.372  0.093  0.536
  73 T E   0.402  0.139  0.459
  74 P E   0.346  0.227  0.427
  75 T E   0.322  0.233  0.445
  76 Y E   0.282  0.212  0.505
  77 I E   0.180  0.324  0.496
  78 K E   0.170  0.385  0.445
  79 A H   0.188  0.437  0.376
  80 C H   0.209  0.511  0.280
  81 C H   0.179  0.575  0.246
  82 Q H   0.206  0.563  0.231
  83 S H   0.320  0.533  0.146
  84 N C   0.434  0.421  0.146
  85 S C   0.471  0.329  0.200
  86 L C   0.442  0.300  0.259
  87 L C   0.454  0.314  0.232
  88 N C   0.543  0.294  0.163
  89 M C   0.487  0.353  0.161
  90 E C   0.493  0.322  0.185
  91 N C   0.500  0.341  0.159
  92 Y C   0.499  0.190  0.312
  93 L E   0.396  0.148  0.456
  94 V C   0.480  0.122  0.398
  95 P C   0.496  0.165  0.339
  96 Y C   0.546  0.211  0.243
  97 D C   0.567  0.262  0.171
  98 N C   0.547  0.323  0.131
  99 L C   0.514  0.350  0.136
 100 E C   0.513  0.323  0.164
