   1 M C   0.579  0.171  0.250
   2 P C   0.529  0.243  0.228
   3 K C   0.540  0.243  0.216
   4 N C   0.554  0.226  0.220
   5 K C   0.500  0.274  0.226
   6 G C   0.570  0.221  0.209
   7 K C   0.528  0.248  0.224
   8 G C   0.523  0.201  0.276
   9 G C   0.478  0.216  0.306
  10 K C   0.435  0.230  0.335
  11 N E   0.354  0.253  0.393
  12 R E   0.283  0.288  0.429
  13 R E   0.326  0.292  0.382
  14 R E   0.369  0.251  0.379
  15 G C   0.400  0.209  0.392
  16 K E   0.381  0.232  0.387
  17 N C   0.420  0.206  0.374
  18 E C   0.396  0.247  0.357
  19 N C   0.406  0.253  0.341
  20 E H   0.297  0.370  0.334
  21 S E   0.327  0.336  0.337
  22 E H   0.224  0.389  0.387
  23 K E   0.236  0.349  0.415
  24 R E   0.244  0.368  0.387
  25 E E   0.284  0.353  0.362
  26 L E   0.330  0.271  0.399
  27 V E   0.312  0.338  0.351
  28 F C   0.404  0.330  0.267
  29 K C   0.420  0.354  0.226
  30 E C   0.488  0.310  0.201
  31 D C   0.447  0.328  0.224
  32 G C   0.399  0.382  0.219
  33 Q E   0.193  0.396  0.411
  34 E E   0.139  0.365  0.496
  35 Y E   0.115  0.396  0.489
  36 A E   0.116  0.360  0.524
  37 Q E   0.099  0.334  0.567
  38 V E   0.103  0.411  0.486
  39 I E   0.113  0.412  0.475
  40 K H   0.151  0.467  0.382
  41 M H   0.194  0.476  0.331
  42 L H   0.402  0.414  0.184
  43 G C   0.530  0.363  0.107
  44 N C   0.519  0.379  0.102
  45 G C   0.427  0.378  0.195
  46 R H   0.242  0.432  0.326
  47 L E   0.174  0.380  0.446
  48 E E   0.157  0.336  0.507
  49 A E   0.156  0.345  0.498
  50 M E   0.170  0.307  0.523
  51 C E   0.297  0.317  0.386
  52 F H   0.370  0.414  0.216
  53 D C   0.523  0.310  0.167
  54 G C   0.430  0.328  0.242
  55 V H   0.299  0.374  0.327
  56 K E   0.170  0.354  0.476
  57 R E   0.120  0.359  0.521
  58 L E   0.108  0.321  0.571
  59 C E   0.131  0.378  0.491
  60 H E   0.146  0.360  0.494
  61 I E   0.186  0.393  0.421
  62 R H   0.294  0.398  0.308
  63 G C   0.418  0.336  0.246
  64 K H   0.329  0.434  0.237
  65 L H   0.284  0.425  0.290
  66 R E   0.281  0.294  0.425
  67 K E   0.180  0.359  0.462
  68 K E   0.163  0.361  0.476
  69 V E   0.145  0.310  0.545
  70 W E   0.176  0.296  0.528
  71 I E   0.263  0.258  0.479
  72 N E   0.331  0.308  0.361
  73 T C   0.419  0.293  0.288
  74 S C   0.463  0.257  0.281
  75 D E   0.344  0.308  0.347
  76 I E   0.165  0.307  0.528
  77 I E   0.115  0.235  0.650
  78 L E   0.115  0.210  0.675
  79 V E   0.141  0.210  0.649
  80 G E   0.258  0.196  0.546
  81 L E   0.338  0.212  0.450
  82 R C   0.401  0.210  0.389
  83 D C   0.459  0.251  0.289
  84 Y C   0.516  0.231  0.253
  85 Q C   0.520  0.238  0.242
  86 D C   0.501  0.269  0.229
  87 N C   0.434  0.297  0.268
  88 K E   0.294  0.316  0.390
  89 A E   0.188  0.347  0.465
  90 D E   0.165  0.313  0.522
  91 V E   0.132  0.308  0.560
  92 I E   0.127  0.300  0.572
  93 L E   0.120  0.306  0.573
  94 K E   0.186  0.305  0.508
  95 Y E   0.327  0.291  0.383
  96 N C   0.398  0.338  0.264
  97 A H   0.363  0.467  0.171
  98 D C   0.448  0.413  0.139
  99 E H   0.296  0.500  0.204
 100 A H   0.190  0.539  0.271
 101 R H   0.181  0.524  0.294
 102 S H   0.143  0.560  0.297
 103 L H   0.142  0.586  0.272
 104 K H   0.208  0.511  0.282
 105 A H   0.231  0.461  0.308
 106 Y H   0.348  0.426  0.226
 107 G C   0.439  0.316  0.245
 108 E C   0.504  0.240  0.255
 109 L C   0.471  0.242  0.286
 110 P C   0.358  0.314  0.328
 111 E H   0.269  0.408  0.322
 112 H H   0.254  0.375  0.371
 113 A E   0.296  0.308  0.396
 114 K E   0.355  0.240  0.405
 115 I C   0.381  0.263  0.356
 116 N C   0.463  0.225  0.313
 117 E C   0.449  0.266  0.286
 118 T C   0.439  0.214  0.347
 119 D C   0.415  0.236  0.349
 120 T C   0.477  0.189  0.334
 121 F C   0.506  0.175  0.319
 122 G C   0.540  0.187  0.273
 123 P C   0.549  0.198  0.253
 124 G C   0.599  0.169  0.232
 125 D C   0.505  0.172  0.323
 126 D C   0.520  0.189  0.290
 127 D C   0.450  0.219  0.331
 128 E C   0.420  0.201  0.379
 129 I E   0.371  0.197  0.432
 130 Q E   0.352  0.187  0.461
 131 F E   0.387  0.185  0.429
 132 D E   0.380  0.182  0.438
 133 D C   0.413  0.226  0.361
 134 I C   0.436  0.208  0.356
 135 G C   0.493  0.205  0.302
 136 D C   0.523  0.196  0.281
 137 D C   0.548  0.194  0.258
 138 D C   0.518  0.213  0.269
 139 E C   0.478  0.246  0.276
 140 D C   0.475  0.259  0.267
 141 I C   0.387  0.373  0.240
 142 D C   0.395  0.356  0.249
 143 D H   0.359  0.405  0.236
 144 I H   0.275  0.464  0.261
