# PSIPRED VFORMAT (PSIPRED V3.3)

   1 M H   0.363  0.434  0.203
   2 E C   0.410  0.362  0.228
   3 Q C   0.381  0.365  0.253
   4 R H   0.314  0.361  0.325
   5 I E   0.312  0.292  0.395
   6 T C   0.375  0.303  0.322
   7 L H   0.299  0.434  0.267
   8 K H   0.277  0.507  0.216
   9 D H   0.179  0.624  0.197
  10 Y H   0.153  0.614  0.234
  11 A H   0.131  0.620  0.249
  12 M H   0.165  0.576  0.259
  13 R H   0.227  0.571  0.202
  14 F H   0.366  0.449  0.185
  15 G C   0.498  0.336  0.165
  16 Q H   0.373  0.441  0.187
  17 T H   0.266  0.511  0.223
  18 K H   0.213  0.595  0.192
  19 T H   0.204  0.617  0.178
  20 A H   0.205  0.614  0.181
  21 K H   0.236  0.565  0.200
  22 D H   0.238  0.597  0.166
  23 L H   0.306  0.476  0.218
  24 G C   0.380  0.377  0.243
  25 V C   0.353  0.323  0.324
  26 Y H   0.268  0.376  0.357
  27 Q H   0.249  0.491  0.259
  28 S H   0.350  0.444  0.206
  29 A H   0.252  0.538  0.210
  30 I H   0.194  0.577  0.228
  31 N H   0.226  0.574  0.200
  32 K H   0.163  0.626  0.210
  33 A H   0.175  0.574  0.251
  34 I H   0.227  0.550  0.223
  35 H H   0.290  0.527  0.183
  36 A H   0.399  0.426  0.176
  37 G C   0.563  0.281  0.156
  38 R C   0.479  0.324  0.197
  39 K C   0.378  0.283  0.339
  40 I E   0.249  0.315  0.436
  41 F E   0.186  0.337  0.477
  42 L E   0.154  0.318  0.528
  43 T E   0.189  0.285  0.526
  44 I E   0.188  0.337  0.475
  45 N C   0.360  0.356  0.284
  46 A C   0.471  0.315  0.214
  47 D C   0.613  0.253  0.134
  48 G C   0.556  0.287  0.157
  49 S C   0.466  0.264  0.270
  50 V E   0.282  0.247  0.470
  51 Y E   0.221  0.288  0.491
  52 A E   0.198  0.357  0.446
  53 E E   0.218  0.388  0.394
  54 E E   0.355  0.214  0.431
  55 V C   0.450  0.161  0.389
  56 K C   0.560  0.127  0.313
  57 P C   0.611  0.175  0.215
  58 F C   0.648  0.176  0.176
  59 P C   0.632  0.201  0.167
  60 S C   0.654  0.218  0.128
  61 N C   0.663  0.205  0.132
