# PSIPRED VFORMAT (PSIPRED V3.3)

   1 L E   0.292  0.182  0.526
   2 Q E   0.390  0.139  0.471
   3 T E   0.419  0.157  0.423
   4 A C   0.589  0.138  0.272
   5 P C   0.642  0.157  0.201
   6 V C   0.643  0.160  0.197
   7 P C   0.651  0.171  0.178
   8 M C   0.660  0.188  0.152
   9 P C   0.599  0.193  0.208
  10 D C   0.602  0.206  0.191
  11 L C   0.462  0.265  0.273
  12 K C   0.424  0.239  0.336
  13 N C   0.390  0.240  0.370
  14 V E   0.329  0.271  0.400
  15 K E   0.377  0.210  0.413
  16 S E   0.364  0.180  0.456
  17 K C   0.402  0.210  0.388
  18 I C   0.398  0.234  0.369
  19 G C   0.483  0.189  0.328
  20 S C   0.422  0.207  0.371
  21 T C   0.389  0.253  0.358
  22 E C   0.432  0.218  0.349
  23 N C   0.437  0.269  0.294
  24 L E   0.295  0.292  0.413
  25 K C   0.374  0.273  0.353
  26 H E   0.348  0.204  0.448
  27 Q C   0.475  0.192  0.333
  28 P C   0.547  0.209  0.244
  29 G C   0.594  0.198  0.208
  30 G C   0.583  0.194  0.223
  31 G C   0.535  0.175  0.290
  32 K C   0.409  0.199  0.392
  33 V E   0.255  0.188  0.557
  34 Q E   0.231  0.165  0.604
  35 I E   0.229  0.172  0.600
  36 I E   0.251  0.229  0.521
  37 N E   0.343  0.211  0.446
  38 K E   0.326  0.201  0.473
  39 K E   0.339  0.202  0.460
  40 L E   0.336  0.189  0.475
  41 D C   0.479  0.214  0.307
  42 L C   0.424  0.264  0.312
  43 S C   0.396  0.257  0.348
  44 N E   0.394  0.208  0.398
  45 V E   0.289  0.289  0.423
  46 Q E   0.286  0.259  0.455
  47 S E   0.285  0.232  0.483
  48 K E   0.292  0.235  0.473
  49 C C   0.386  0.236  0.379
  50 G C   0.476  0.219  0.305
  51 S C   0.476  0.246  0.278
  52 K C   0.392  0.307  0.301
  53 D C   0.435  0.295  0.270
  54 N C   0.471  0.242  0.287
  55 I E   0.329  0.287  0.384
  56 K E   0.360  0.205  0.436
  57 H E   0.376  0.141  0.484
  58 V C   0.462  0.124  0.414
  59 P C   0.565  0.162  0.273
  60 G C   0.620  0.150  0.230
  61 G C   0.597  0.134  0.268
  62 G C   0.511  0.147  0.342
  63 S E   0.377  0.136  0.487
  64 V E   0.220  0.151  0.629
  65 Q E   0.171  0.155  0.674
  66 I E   0.143  0.179  0.679
  67 V E   0.210  0.156  0.634
  68 Y E   0.245  0.147  0.608
  69 K E   0.327  0.131  0.542
  70 P E   0.274  0.209  0.517
  71 V E   0.270  0.199  0.532
  72 D E   0.305  0.193  0.503
  73 L E   0.266  0.263  0.472
  74 S E   0.280  0.220  0.500
  75 K E   0.286  0.204  0.510
  76 V E   0.299  0.201  0.500
  77 T E   0.391  0.177  0.433
  78 S E   0.386  0.177  0.436
  79 K E   0.380  0.162  0.457
  80 C E   0.390  0.195  0.415
  81 G E   0.398  0.143  0.459
  82 S E   0.332  0.177  0.491
  83 L E   0.322  0.189  0.489
  84 G C   0.423  0.175  0.402
  85 N E   0.400  0.152  0.448
  86 I E   0.354  0.179  0.467
  87 H E   0.381  0.141  0.478
  88 H E   0.406  0.106  0.488
  89 K C   0.474  0.139  0.387
  90 P C   0.540  0.193  0.267
  91 G C   0.614  0.175  0.210
  92 G C   0.602  0.159  0.239
  93 G C   0.514  0.175  0.312
  94 Q E   0.367  0.183  0.450
  95 V E   0.271  0.141  0.588
  96 E E   0.186  0.186  0.628
  97 V E   0.200  0.211  0.589
  98 K E   0.178  0.287  0.535
  99 S E   0.230  0.279  0.492
 100 E E   0.227  0.357  0.417
 101 K E   0.238  0.340  0.422
 102 L E   0.265  0.336  0.399
 103 D E   0.279  0.355  0.366
 104 F H   0.303  0.389  0.308
 105 K H   0.259  0.398  0.343
 106 D H   0.273  0.426  0.301
 107 R H   0.258  0.386  0.356
 108 V E   0.292  0.343  0.365
 109 Q H   0.247  0.394  0.360
 110 S E   0.319  0.300  0.381
 111 K E   0.293  0.297  0.410
 112 I E   0.299  0.259  0.442
 113 G E   0.393  0.197  0.409
 114 S E   0.343  0.201  0.456
 115 L E   0.328  0.247  0.425
 116 D C   0.396  0.236  0.368
 117 N C   0.440  0.202  0.358
 118 I E   0.338  0.203  0.459
 119 T E   0.416  0.135  0.450
 120 H E   0.392  0.124  0.484
 121 V C   0.471  0.117  0.413
 122 P C   0.598  0.157  0.245
 123 G C   0.678  0.159  0.162
 124 G C   0.691  0.145  0.164
 125 G C   0.648  0.149  0.203
 126 N C   0.569  0.143  0.288
 127 K E   0.363  0.148  0.488
 128 K E   0.262  0.160  0.578
 129 I E   0.232  0.201  0.566
 130 E E   0.252  0.266  0.482
