   1 V E   0.252  0.297  0.451
   2 T E   0.182  0.270  0.549
   3 L E   0.125  0.276  0.599
   4 F E   0.103  0.246  0.651
   5 V E   0.114  0.235  0.652
   6 A E   0.161  0.228  0.610
   7 L E   0.239  0.210  0.552
   8 Y E   0.298  0.189  0.513
   9 D C   0.410  0.234  0.356
  10 Y C   0.485  0.267  0.247
  11 E C   0.545  0.230  0.225
  12 A C   0.513  0.294  0.193
  13 R C   0.523  0.233  0.244
  14 T C   0.518  0.256  0.226
  15 E C   0.549  0.276  0.175
  16 D C   0.610  0.262  0.128
  17 D C   0.492  0.373  0.135
  18 L H   0.375  0.401  0.224
  19 S C   0.376  0.339  0.285
  20 F H   0.308  0.432  0.260
  21 H H   0.308  0.423  0.270
  22 K H   0.326  0.436  0.239
  23 G C   0.425  0.319  0.256
  24 E C   0.393  0.332  0.274
  25 K E   0.178  0.300  0.523
  26 F E   0.136  0.232  0.631
  27 Q E   0.118  0.192  0.690
  28 I E   0.131  0.201  0.668
  29 L E   0.198  0.179  0.623
  30 N E   0.411  0.163  0.426
  31 S C   0.555  0.176  0.269
  32 S C   0.641  0.146  0.213
  33 E C   0.671  0.146  0.183
  34 G C   0.668  0.194  0.137
  35 D C   0.648  0.210  0.143
  36 W H   0.322  0.401  0.277
  37 W E   0.178  0.406  0.416
  38 E H   0.128  0.450  0.422
  39 A H   0.177  0.429  0.395
  40 R E   0.192  0.369  0.438
  41 S E   0.346  0.268  0.386
  42 L C   0.369  0.278  0.354
  43 T C   0.522  0.257  0.221
  44 T C   0.577  0.197  0.226
  45 G C   0.624  0.178  0.199
  46 E C   0.473  0.195  0.332
  47 T E   0.360  0.140  0.501
  48 G E   0.347  0.099  0.554
  49 Y E   0.366  0.090  0.544
  50 I E   0.451  0.089  0.460
  51 P C   0.486  0.109  0.405
  52 S C   0.461  0.152  0.387
  53 N C   0.469  0.142  0.389
  54 Y E   0.393  0.138  0.469
  55 V E   0.371  0.143  0.486
  56 A C   0.496  0.197  0.307
  57 P C   0.461  0.287  0.252
  58 V C   0.482  0.320  0.198
  59 D C   0.585  0.251  0.164
