# PSIPRED VFORMAT (PSIPRED V3.3)

   1 M H   0.358  0.369  0.274
   2 E H   0.335  0.345  0.319
   3 E E   0.305  0.327  0.368
   4 V E   0.243  0.272  0.485
   5 T E   0.272  0.270  0.458
   6 I E   0.254  0.297  0.449
   7 K E   0.237  0.343  0.419
   8 A E   0.273  0.318  0.409
   9 N E   0.312  0.289  0.399
  10 L E   0.244  0.264  0.492
  11 I E   0.251  0.268  0.481
  12 F E   0.313  0.232  0.455
  13 A C   0.452  0.240  0.308
  14 N C   0.601  0.189  0.210
  15 G C   0.591  0.226  0.183
  16 S C   0.559  0.257  0.184
  17 T C   0.460  0.244  0.295
  18 Q C   0.364  0.289  0.348
  19 T E   0.317  0.332  0.350
  20 A H   0.238  0.413  0.349
  21 E H   0.295  0.429  0.276
  22 F C   0.360  0.357  0.283
  23 K C   0.390  0.325  0.286
  24 G C   0.454  0.317  0.229
  25 T C   0.387  0.321  0.292
  26 F H   0.304  0.390  0.306
  27 E H   0.271  0.418  0.311
  28 K H   0.300  0.427  0.274
  29 A H   0.297  0.411  0.292
  30 T H   0.271  0.435  0.294
  31 S H   0.211  0.481  0.308
  32 E H   0.203  0.509  0.287
  33 A H   0.178  0.505  0.317
  34 Y H   0.142  0.503  0.355
  35 A H   0.167  0.494  0.339
  36 Y H   0.206  0.467  0.327
  37 A H   0.232  0.491  0.276
  38 D H   0.352  0.426  0.222
  39 T H   0.293  0.409  0.298
  40 L H   0.288  0.385  0.327
  41 K C   0.345  0.339  0.316
  42 K H   0.340  0.343  0.317
  43 D C   0.538  0.244  0.218
  44 N C   0.619  0.181  0.200
  45 G C   0.602  0.182  0.216
  46 E C   0.482  0.198  0.320
  47 W E   0.363  0.173  0.464
  48 T E   0.213  0.210  0.577
  49 V E   0.189  0.204  0.607
  50 D E   0.256  0.215  0.529
  51 V E   0.303  0.222  0.475
  52 A C   0.341  0.321  0.338
  53 D C   0.488  0.285  0.227
  54 K C   0.456  0.330  0.215
  55 G C   0.453  0.270  0.277
  56 Y C   0.417  0.240  0.344
  57 T E   0.269  0.216  0.515
  58 L E   0.296  0.199  0.505
  59 N E   0.324  0.221  0.455
  60 I E   0.268  0.252  0.480
  61 K E   0.234  0.291  0.476
  62 F E   0.322  0.250  0.428
  63 A C   0.453  0.244  0.304
  64 G C   0.577  0.214  0.209
