# PSIPRED VFORMAT (PSIPRED V3.3)

   1 M E   0.253  0.337  0.409
   2 E E   0.223  0.365  0.412
   3 A E   0.163  0.323  0.514
   4 I E   0.178  0.295  0.527
   5 A E   0.223  0.257  0.520
   6 K E   0.324  0.229  0.447
   7 H E   0.349  0.247  0.403
   8 D C   0.433  0.281  0.286
   9 F C   0.456  0.324  0.220
  10 S C   0.484  0.308  0.208
  11 A C   0.493  0.326  0.181
  12 T C   0.563  0.270  0.167
  13 A C   0.521  0.329  0.150
  14 D C   0.559  0.296  0.144
  15 D C   0.539  0.322  0.139
  16 E C   0.417  0.405  0.179
  17 L H   0.364  0.366  0.270
  18 S C   0.362  0.357  0.281
  19 F H   0.326  0.419  0.255
  20 R C   0.399  0.349  0.251
  21 K H   0.338  0.443  0.218
  22 T H   0.356  0.387  0.258
  23 Q C   0.363  0.352  0.285
  24 I E   0.200  0.294  0.506
  25 L E   0.128  0.305  0.567
  26 K E   0.151  0.254  0.595
  27 I E   0.159  0.225  0.616
  28 L E   0.235  0.213  0.552
  29 N E   0.356  0.191  0.453
  30 M C   0.419  0.226  0.355
  31 E C   0.559  0.190  0.251
  32 D C   0.649  0.169  0.182
  33 D C   0.653  0.192  0.155
  34 S C   0.585  0.258  0.157
  35 N C   0.557  0.284  0.158
  36 W H   0.343  0.356  0.301
  37 T H   0.225  0.414  0.361
  38 R E   0.183  0.395  0.422
  39 A H   0.170  0.416  0.414
  40 E H   0.274  0.402  0.324
  41 L C   0.387  0.313  0.299
  42 D C   0.561  0.235  0.204
  43 G C   0.579  0.239  0.182
  44 K C   0.454  0.273  0.273
  45 E C   0.416  0.181  0.403
  46 G E   0.436  0.122  0.442
  47 L E   0.394  0.114  0.492
  48 I E   0.415  0.108  0.477
  49 P C   0.460  0.196  0.344
  50 S C   0.507  0.224  0.269
  51 N C   0.498  0.198  0.304
  52 Y C   0.407  0.246  0.347
  53 I E   0.316  0.251  0.432
  54 E E   0.322  0.231  0.447
  55 M C   0.394  0.246  0.360
  56 K C   0.479  0.223  0.298
  57 N C   0.573  0.251  0.177
  58 H C   0.599  0.269  0.132
  59 D C   0.644  0.224  0.132
