# PSIPRED VFORMAT (PSIPRED V3.3)

   1 S C   0.552  0.227  0.221
   2 I H   0.396  0.418  0.186
   3 S H   0.328  0.484  0.187
   4 S H   0.240  0.555  0.205
   5 R H   0.205  0.554  0.241
   6 V H   0.172  0.565  0.263
   7 K H   0.110  0.637  0.253
   8 S H   0.137  0.653  0.210
   9 K H   0.158  0.637  0.205
  10 R H   0.173  0.626  0.201
  11 I H   0.193  0.617  0.190
  12 Q H   0.226  0.568  0.206
  13 L H   0.351  0.449  0.201
  14 G C   0.419  0.383  0.198
  15 L C   0.426  0.418  0.156
  16 N H   0.350  0.424  0.226
  17 Q H   0.238  0.567  0.196
  18 A H   0.170  0.654  0.176
  19 E H   0.156  0.655  0.188
  20 L H   0.124  0.639  0.237
  21 A H   0.129  0.648  0.223
  22 Q H   0.167  0.581  0.252
  23 K H   0.175  0.552  0.273
  24 V H   0.333  0.359  0.308
  25 G C   0.545  0.221  0.234
  26 T C   0.486  0.226  0.288
  27 T C   0.391  0.235  0.374
  28 Q E   0.317  0.335  0.347
  29 Q C   0.347  0.334  0.319
  30 S E   0.306  0.274  0.420
  31 I E   0.263  0.320  0.416
  32 E E   0.280  0.315  0.405
  33 Q C   0.360  0.320  0.320
  34 L C   0.391  0.359  0.250
  35 E C   0.426  0.377  0.197
  36 N C   0.635  0.230  0.135
  37 G C   0.683  0.200  0.117
  38 K C   0.588  0.258  0.153
  39 T C   0.644  0.204  0.151
  40 K C   0.609  0.228  0.162
  41 R C   0.626  0.241  0.134
  42 P H   0.422  0.454  0.124
  43 R H   0.379  0.419  0.202
  44 F H   0.294  0.457  0.249
  45 L H   0.178  0.505  0.317
  46 P H   0.139  0.612  0.249
  47 E H   0.134  0.537  0.329
  48 L H   0.182  0.462  0.356
  49 A H   0.198  0.413  0.389
  50 S E   0.256  0.338  0.405
  51 A E   0.202  0.300  0.497
  52 L E   0.310  0.219  0.472
  53 G E   0.367  0.183  0.450
  54 V E   0.353  0.178  0.469
  55 S E   0.321  0.174  0.505
  56 V E   0.213  0.285  0.502
  57 D E   0.259  0.354  0.387
  58 W E   0.175  0.399  0.426
  59 L E   0.227  0.338  0.435
  60 L C   0.381  0.303  0.316
  61 N C   0.574  0.209  0.217
  62 G C   0.658  0.191  0.151
  63 T C   0.666  0.170  0.163
