# PSIPRED VFORMAT (PSIPRED V3.3)

   1 S H   0.337  0.539  0.124
   2 Q H   0.285  0.602  0.113
   3 F H   0.204  0.663  0.134
   4 E H   0.165  0.669  0.167
   5 K H   0.152  0.669  0.178
   6 Q H   0.154  0.661  0.185
   7 K H   0.158  0.649  0.193
   8 E H   0.180  0.652  0.169
   9 Q H   0.317  0.567  0.116
  10 G H   0.425  0.466  0.109
  11 N H   0.387  0.486  0.127
  12 S H   0.226  0.617  0.157
  13 L H   0.177  0.650  0.173
  14 F H   0.201  0.604  0.195
  15 K H   0.195  0.641  0.165
  16 Q H   0.254  0.600  0.146
  17 G H   0.398  0.474  0.127
  18 L H   0.426  0.452  0.122
  19 Y H   0.342  0.528  0.131
  20 R H   0.218  0.628  0.155
  21 E H   0.205  0.639  0.156
  22 A H   0.195  0.620  0.185
  23 V H   0.163  0.636  0.200
  24 H H   0.153  0.660  0.187
  25 C H   0.174  0.606  0.219
  26 Y H   0.185  0.618  0.197
  27 D H   0.190  0.635  0.174
  28 Q H   0.179  0.647  0.175
  29 L H   0.167  0.608  0.224
  30 I H   0.224  0.558  0.219
  31 T H   0.269  0.513  0.218
  32 A H   0.398  0.417  0.185
  33 Q C   0.609  0.262  0.129
  34 P C   0.594  0.316  0.090
  35 Q C   0.637  0.266  0.096
  36 N C   0.658  0.255  0.087
  37 P C   0.556  0.331  0.113
  38 V H   0.392  0.453  0.155
  39 G H   0.307  0.501  0.192
  40 Y H   0.276  0.521  0.203
  41 S H   0.327  0.491  0.182
  42 N H   0.305  0.543  0.152
  43 K H   0.241  0.652  0.106
  44 A H   0.177  0.723  0.100
  45 M H   0.180  0.703  0.117
  46 A H   0.159  0.714  0.127
  47 L H   0.149  0.705  0.145
  48 I H   0.171  0.691  0.137
  49 K H   0.170  0.701  0.129
  50 L H   0.207  0.695  0.098
  51 G H   0.322  0.593  0.085
  52 E H   0.360  0.557  0.083
  53 Y H   0.329  0.587  0.085
  54 T H   0.252  0.627  0.120
  55 Q H   0.255  0.624  0.121
  56 A H   0.199  0.650  0.152
  57 I H   0.178  0.664  0.158
  58 Q H   0.166  0.675  0.160
  59 M H   0.230  0.640  0.130
  60 C H   0.222  0.619  0.159
  61 Q H   0.204  0.638  0.159
  62 Q H   0.228  0.607  0.165
  63 G H   0.214  0.604  0.182
  64 L H   0.215  0.578  0.207
  65 R H   0.274  0.514  0.212
  66 Y H   0.365  0.425  0.210
  67 T C   0.558  0.319  0.123
  68 S C   0.474  0.414  0.112
  69 T C   0.473  0.420  0.106
  70 A H   0.345  0.525  0.130
  71 E H   0.242  0.612  0.146
  72 H H   0.189  0.672  0.139
  73 V H   0.161  0.676  0.163
  74 A H   0.142  0.711  0.147
  75 I H   0.122  0.671  0.207
  76 R H   0.138  0.685  0.177
  77 S H   0.134  0.719  0.147
  78 K H   0.126  0.718  0.157
  79 L H   0.129  0.702  0.169
  80 Q H   0.120  0.704  0.177
  81 Y H   0.133  0.703  0.163
  82 R H   0.172  0.703  0.126
  83 L H   0.184  0.700  0.116
  84 E H   0.287  0.611  0.102
  85 L H   0.291  0.624  0.085
  86 A H   0.284  0.612  0.104
  87 Q H   0.241  0.628  0.131
  88 G H   0.284  0.588  0.128
  89 A H   0.292  0.559  0.149
  90 V H   0.194  0.594  0.213
  91 G H   0.190  0.622  0.189
  92 S H   0.234  0.567  0.199
  93 V H   0.216  0.542  0.241
  94 Q H   0.195  0.566  0.239
  95 I H   0.195  0.569  0.235
  96 P H   0.208  0.543  0.249
  97 V H   0.193  0.533  0.273
  98 V H   0.239  0.491  0.271
  99 E H   0.348  0.415  0.237
 100 V C   0.543  0.308  0.149
 101 D C   0.619  0.279  0.103
 102 E C   0.613  0.314  0.073
 103 L C   0.649  0.279  0.071
 104 P C   0.601  0.323  0.076
 105 E H   0.426  0.483  0.091
 106 G H   0.376  0.491  0.133
 107 Y H   0.303  0.531  0.166
 108 D H   0.309  0.491  0.200
 109 R H   0.416  0.444  0.140
 110 S C   0.458  0.426  0.116
