# PSIPRED VFORMAT (PSIPRED V3.3)

   1 M E   0.283  0.351  0.367
   2 Q E   0.203  0.347  0.450
   3 I E   0.187  0.301  0.512
   4 F E   0.204  0.275  0.520
   5 V E   0.206  0.280  0.513
   6 K E   0.221  0.298  0.481
   7 T E   0.305  0.253  0.442
   8 L E   0.378  0.238  0.384
   9 T C   0.490  0.211  0.299
  10 G C   0.546  0.196  0.258
  11 K C   0.465  0.240  0.294
  12 T E   0.353  0.217  0.430
  13 I E   0.277  0.222  0.500
  14 T E   0.230  0.254  0.516
  15 L E   0.217  0.250  0.534
  16 E E   0.303  0.218  0.479
  17 V C   0.414  0.212  0.374
  18 E C   0.570  0.195  0.234
  19 P C   0.582  0.267  0.150
  20 S C   0.596  0.251  0.153
  21 D C   0.562  0.253  0.185
  22 T C   0.446  0.326  0.228
  23 I H   0.298  0.385  0.316
  24 E H   0.259  0.468  0.273
  25 N H   0.270  0.462  0.268
  26 V H   0.275  0.450  0.276
  27 K H   0.267  0.417  0.316
  28 A H   0.310  0.416  0.273
  29 K H   0.291  0.395  0.314
  30 I H   0.326  0.348  0.326
  31 Q C   0.397  0.287  0.316
  32 D C   0.495  0.269  0.237
  33 K C   0.495  0.266  0.239
  34 E C   0.589  0.190  0.220
  35 G C   0.648  0.153  0.199
  36 I C   0.650  0.156  0.194
  37 P C   0.694  0.168  0.138
  38 P C   0.600  0.288  0.112
  39 D C   0.525  0.342  0.133
  40 Q H   0.302  0.534  0.164
  41 Q H   0.241  0.505  0.254
  42 R H   0.170  0.499  0.331
  43 L H   0.144  0.469  0.388
  44 I H   0.172  0.453  0.375
  45 F H   0.179  0.481  0.340
  46 A H   0.253  0.463  0.284
  47 G H   0.308  0.477  0.215
  48 K H   0.316  0.448  0.236
  49 Q H   0.335  0.373  0.292
  50 L C   0.355  0.338  0.307
  51 E C   0.423  0.329  0.248
  52 D C   0.554  0.282  0.163
  53 G C   0.522  0.286  0.192
  54 R C   0.434  0.295  0.272
  55 T C   0.393  0.255  0.353
  56 L C   0.347  0.321  0.333
  57 S C   0.441  0.254  0.306
  58 D C   0.401  0.364  0.235
  59 Y C   0.375  0.370  0.255
  60 N H   0.348  0.385  0.267
  61 I H   0.310  0.430  0.260
  62 Q H   0.293  0.440  0.267
  63 K H   0.291  0.448  0.261
  64 E H   0.328  0.462  0.210
  65 S H   0.323  0.455  0.222
  66 T H   0.275  0.448  0.277
  67 L H   0.215  0.481  0.304
  68 H H   0.140  0.498  0.362
  69 L H   0.125  0.459  0.416
  70 V H   0.114  0.452  0.433
  71 L E   0.127  0.434  0.439
  72 R E   0.179  0.400  0.421
  73 L H   0.291  0.393  0.316
  74 R C   0.521  0.264  0.214
  75 G C   0.632  0.207  0.161
  76 G C   0.666  0.194  0.140
